1.4571239860635286
1.454291395113754
1.4549871507747596
1.4549142002151236
1.4538577872181138
1.457267109621845
1.461509658607739
1.4601710224623148
1.4564597655288805
1.4519143542582624
1.4580455125523306
1.4676243998676002
1.4564413055975378
1.4669769498594052
1.4536467153316583
1.4595929942018717
1.4575886762470878
1.460933723614436
1.4563560389517192
1.4695061060260544
1.470921506519666
1.4607158503940123
1.4565371791422177
1.4568996480743535
1.457450730349097
1.4715168318648193
1.4578975408863106
1.4602523875331304
1.46247347691497
1.4553137814696073
1.4630337522046177
1.4677997185456204
1.4561912786712095
1.457274908791361
1.4591824614905535
1.4611483108909626
1.4630180018972707
1.4678921451488645
1.4610842974737825
1.4591541875605551
1.457206392032177
1.4561023954711698
1.4588841108696673
1.46894848851125
1.4660990877601865
1.464319359402726
1.4510994003993352
1.460603312188206
1.4633522702788255
1.4627684905811391
1.4526108329823906
1.4555586752176581
1.4670699885282894
1.4558477357399948
1.4625286783656737
1.468777840357251
1.458324048756558
1.4571113103637745
1.4578653014974188
1.4613495511353933
1.4578914105166563
1.4552999950835668
1.4596685688404116
1.466078447813231
1.457773502086178
1.462797956787159
1.4588183673213104
1.4591591932280066
1.4590219922105983
1.4662883524792911
1.4522249665236222
1.4608052455226053
1.460180341282186
1.4568846875279353
1.4622877405095047
1.4691584622514988
1.4692981518686246
1.4542697584008786
1.4571346730602204
1.454918830274607
1.451146363333983
1.4629864963732757
1.4583188588532847
1.4633189649574574
1.4602949519994415
1.4629246243576384
1.454651391619619
1.4660044400806072
1.4585411984928254
1.4593799964944567
1.4611642664952509
1.4699538505647647
1.4687843815725596
1.4557895336418347
1.4723951701331
1.4570280693121862
1.4650888554470693
