61.761177294528906
3.657104838284596
4.716094057640618
5.6110091598176695
6.1581575578577485
5.334933620778855
4.865294970446385
6.050035616708726
7.369781175917765
4.055457582970263
6.782622250413695
4.686708675846603
6.454847284137287
3.4226502833273713
4.99452000202929
6.346822376852629
3.3473772983275865
1.984758737062407
6.532846809201786
7.930208756734444
5.932817997658418
4.679371796553099
8.762480465391619
4.585291127870704
6.668143543550968
2.1407458481303507
3.9335143914629924
33.30740777815025
3.8695633886009375
2.816152738325698
6.172776883853544
5.525194271954646
2.4803866159305556
8.04445017081342
4.18031487638919
5.830858662276654
3.5807959613067624
4.352986779593834
5.352671350411967
6.089585357069026
4.70957084805049
5.20862429600372
3.8919588001491405
13.532413950982999
5.371487578836067
7.601317834641108
3.314368386476346
9.04387118034056
3.242074179005826
8.404758734120321
3.904342523136407
6.29456409411722
4.710922044418396
3.607519505249712
11.272513093468064
2.9829173769627317
14.865438005395745
7.972806066764363
9.028077748354178
14.183654342587275
4.85157574603133
8.009658647675067
8.015548353345494
4.676494597249558
3.837838396424104
4.670957380879528
5.755422026309006
2.250871256570747
4.521651918643883
