4.6160899946536205
9.136528832842842
9.35205427173321
5.317683695080106
3.037820957387652
2.695490647550969
9.124616429745899
4.383273554573464
13.311086194301353
7.759035916817581
2.765275517241278
5.2614965227195825
8.631770398934293
10.108174328294197
7.355319990207491
8.037693563618205
6.343010815209098
7.641527479143903
2.237431836039761
3.1806951224522635
8.668772979497618
6.338427701486154
4.802802014923827
7.781928197911327
8.470610005314526
3.2622785225535864
3.9280626271120695
8.422123931494824
8.65186521177705
6.555314655596703
3.259400929693271
4.1702858098074955
3.325078411484199
5.573675044511646
16.352561793883226
7.387581319356414
3.0123942016470693
6.015546773287824
11.086722772906839
6.794949188119389
4.8287342142185
2.1579804912949925
6.738821945151599
4.542816689515149
5.3549887800178055
12.928109373683057
7.546853515577581
3.774336492748901
7.894299976695905
11.781988315563055
8.361294663168536
9.409103240762718
2.253833906316302
12.853502427762052
5.0965894715225915
8.284181182623044
6.127180114746864
9.871052788056986
3.705398464943002
11.573668874489258
2.6775762355917863
