1.5929423931148676
1.4305918880545931
1.1071701093387816
1.3100865886795106
1.4909351464113314
0.682337885107799
1.7630169161166833
1.4603999240164995
1.18488732303598
2.5464040375423167
1.6751084361248871
2.0987271610594718
1.8013713445561308
1.7375586348063337
1.8964927424612767
1.1095482507502936
1.5423112530541232
1.4723978939251054
1.2571374742905164
1.5448263521408023
3.2137716415767272
3.05323570707273
2.8173404088623073
1.7604463703165578
1.1262425868439152
2.334041460536355
3.2261316964231384
1.2105829909378798
1.5647161525215552
1.4993064785438435
2.7360301984958966
1.9687792474640133
0.9581848655737275
5.629922831892898
1.9407074386357266
1.5704596765328631
1.6492458620317336
1.775342460368023
1.3007496441470892
0.9942538065437247
1.6859149760227297
18.81316271684078
2.625663734740229
1.4687323545012987
1.7019695488696982
1.1727220043960926
1.8225303475842196
1.3734975747329656
2.8762234417643526
2.2457083576210835
1.728770351121426
1.3899028390241597
2.0914624814853795
1.080074081621163
8.823664603829116
3.7388010694364624
1.9837596639790718
3.123045404743692
1.6398417815265844
1.3586321341485217
1.4467144579007254
1.8554302923077586
1.5985358646381798
1.0876761409468685
2.6364262864644274
1.9716944587477343
2.526798575036537
1.58883486097848
17.566804718555133
2.6566344613359547
3.1648044473431014
2.1631630121314913
1.8414951767063599
2.1364980492775913
1.9824884954271766
3.703607472553884
1.4594915304238185
1.3215681866185776
1.3957665653297227
3.4731508770867094
2.788076136091803
1.2808109067291156
3.817464473190242
3.3384524317852566
