1.3748286188443595
1.371841791674085
1.3951981182313242
1.3826190146899338
1.3805851247396719
1.387180707762136
1.3866813349409106
1.383944893715337
1.3938008118851724
1.3890619078027706
1.3813565875340097
1.3745169364239613
1.3824922874653973
1.3977850548004263
1.3770255428357527
1.3809244110733934
1.3844357226338817
1.381439910363555
1.3854712023717528
1.3623726468156518
1.3770478555604304
1.3699598019437709
1.387484464661352
1.3826204001094715
1.3823377265353243
1.3652402405140736
1.3839916089614717
1.3810145033845604
1.3956747769689448
1.378814499209802
1.3894490563249278
1.3879520211526009
1.389316573145847
1.3834302401073642
1.376820580442715
1.3940805712679112
1.382763753327727
1.3877125114896984
1.3886105137361535
1.3885307066495947
1.3936576462249497
1.3763748129079394
0.9694083330482492
1.3909913322764802
1.3897022066534601
1.3927345047145012
1.378684209189051
1.39940793375393
1.3716245785961192
1.3895872695692015
1.3891989064531531
1.378693368106075
1.385662281967515
1.3972147402095898
1.3939690421149435
1.3940940531761994
1.396768279975954
1.3757341912794612
1.383949408403466
1.3823667875785168
1.386693515376414
1.3791621905340399
1.3735925932201154
1.37482020232287
1.3633418959409613
1.3795921539155975
1.3854734144007235
1.3907162546078622
1.381463381755031
1.3992398323505562
1.3968440908537911
1.3731210976362234
1.382645318940176
1.3915793218399974
1.39452366416525
