3.2587552864175393
2.9656107944729797
2.821200213901477
3.524197247643855
3.1586153062032025
2.5925697887544032
3.0180330939253963
3.283572941286579
3.3283269731062006
3.2014199528142626
3.0691142501482602
1.9920222040954627
3.055079280814084
2.077242099909398
3.2003452907717502
2.8627166581437393
3.50015283653957
3.2016977588828013
3.3189543477096635
1.649338785051853
1.7029240036805504
2.7847869055877794
3.2240665482659807
2.9124958264646352
2.8680214988107906
1.9687868422626593
3.245678945346924
2.8248095153502817
2.8749449686158925
2.6541658623568196
2.149915801375613
1.8962179350470194
3.026108383472774
2.9073945263052394
3.091520059588234
2.6538406274243442
2.427181003316406
1.9257834383440269
2.897930011618385
2.9855851046526425
3.370402949813041
3.432584777295446
3.1272445131874207
1.6122234254067962
2.1941490482755768
2.8637964918443544
3.372279429679807
2.9849252517727223
2.4251704740988487
2.703255472161871
3.4634411830591176
2.9177376059806193
1.9583278354304952
3.189618205512957
2.556125715257025
1.9387902386579015
3.116123784245943
3.0641276285562213
2.9926147788299176
2.5440950766367507
2.8892128120531595
2.9502893191587845
3.091667133450059
1.8072348893654322
3.137388857836868
2.63377558782814
3.4261578079944996
3.0881316240740517
3.441095157847741
2.0855227285261293
3.2024528320938543
3.078411139909747
3.1289519056709167
3.0518939584142544
2.735565880344552
2.529469972318765
2.0130432684919555
3.1127144466394583
3.3405454496466547
3.46018910673601
3.4949277612329155
2.622371112654818
2.969629995195561
2.6562472268820443
3.5782208952968233
1.8338589114949997
3.501969081805072
2.1113909779758586
3.056478720809281
2.5480344555947028
2.8019015285569395
1.9783539691181886
2.061609254400679
3.216257188317499
2.2532491092032814
2.8383513326068766
2.9365010878772466
