1.4929427055180513
1.4922204679057787
1.4940418206610933
1.4921716155979337
1.495589316332378
1.4974195702354727
1.4962960424532583
1.4877463373916777
1.4916589363463095
1.4848237565862714
1.486742162216972
1.4840834782476977
1.487718690835811
1.484043406627353
1.4875738552044384
1.4892013020212853
1.4823917238262125
1.4941708592435619
1.4886189368229996
1.4929553880306137
1.4875762004831852
1.4917258609062825
1.490307926943618
1.4878145585410616
1.4940663806297558
1.4857399230955588
1.4836373619986003
1.4863218048836953
1.4915532615667764
1.48963755975347
1.4859182658358168
1.4897657230078538
1.4894698333753063
1.4871306201176506
1.4854723122330606
1.4836459633672343
1.480980816839295
1.4975326411002676
1.493829706953675
1.4868380223948314
1.486781916103884
1.4954314510188194
1.490193622004757
1.4944170901527016
1.487401139774289
1.48809083885773
1.4932004919263475
1.4928013564434328
1.484666020701996
1.4846991648290335
1.4900289709271768
1.4933530530051822
1.4865594127038033
1.493395167392361
1.4851006500420152
1.4918182900080525
1.4818213538009954
1.4848187709537395
1.4930291033744492
1.4894388445891524
1.4885519205645306
1.4916070253173646
1.4816898324547918
1.492484152286976
1.4915485084314204
1.4806163130861232
1.4830933913469178
1.494303227105921
1.4925007929060834
1.4907697504307418
1.489973126221392
1.487492143485306
1.495811320101641
1.4891060421955464
1.4902304278548284
1.4917275981775184
1.4902132861497999
1.4887627144692421
1.494937639434531
1.496035435957872
1.488565509558803
1.4869643431291333
1.4907447600345949
1.496079698659309
1.4904041501600818
1.486994957009237
1.4848405245252605
1.4882557967524446
1.4943291727768357
1.4911236001944859
1.4910901682209523
1.4941821946441565
1.4866848808178026
1.4824909935373547
1.4879861075094545
1.4919279250427668
1.4879394569041682
1.495582618922699
1.4959834701618893
