0.8031457626555465
0.9757160566404508
0.5180132161340225
2.9325535207657296
0.7178151616376454
1.0595582650722548
0.721359157683338
1.3968978767696925
1.3017900520512313
1.7267105645270888
1.0792115066770904
0.7402486816599634
1.017887134862029
1.3541482004416068
1.0365787301069957
13.981288990395015
0.412243757239537
1.3175704610241539
1.0238893772299917
1.259720324545917
0.635658832923987
4.1994820557270955
2.0286545580463553
0.5774172587318773
0.4980024323335144
0.8472616667311144
0.6914126075224303
0.7276851384639897
0.6055160834847442
0.6479279839920693
0.9763560066119226
1.562350077475351
0.6636813379404387
0.8317375829512983
0.6625870115281316
0.9075944713682063
2.31207156293069
0.8458605051470371
0.6851890567405619
0.5058298567222366
2.5742727734824626
0.5115823649003488
1.0173151825887103
1.1718804209285025
0.6163119797577181
0.6065846331307512
1.4077417620213453
2.326245715049275
0.5302652939309738
2.4639546783732484
0.6711589527061577
0.979597552108217
0.6830614379859199
2.3612090909526486
0.621824731567088
0.6679091723409414
1.4138622374253558
0.7637658235009681
1.118634251677527
10.046486480281466
0.8330742296073836
0.6087985339151416
2.7673880184205615
1.1212837019720112
1.213127234315067
1.139497885004559
0.6724020299913676
1.2575476791807532
0.6312425449562156
0.7989066400011211
0.9491234777976274
1.001685649086788
3.963533874584151
0.7530503240552733
1.1150027544611802
2.0331456074757384
3.9366377052826422
0.9441294008050249
0.5854580446708795
1.3253490162389383
0.8368812062598678
0.7122971723232183
0.4409570619746148
1.55438190193059
0.5695470724509804
0.41941322741453035
0.5485245572330371
0.557757479393878
0.9004276365567634
0.8055281908181087
0.9929542612854476
0.9004809854316562
1.5510334575536646
0.6967033828311244
