1.8219819142800802
1.5170262792980793
3.486156066707437
1.6858960967988565
1.8041568330772435
1.9551403218483756
1.9672719940134087
1.8632743065477086
3.0521391930142627
1.860471881428893
1.6556667372129823
1.5348197184744947
2.929076565465458
3.806004959024115
0.8956124253934163
1.552592457920447
1.6773488377362327
1.6672984347399478
2.2419043113204467
4.734095648850996
1.7583401856895122
1.3648147563112474
1.84232218078985
1.742997633156115
2.057411070178162
1.0456765741048244
2.345878344741614
1.7756041902984805
3.4399945747540173
1.8201078582899939
3.034475133424877
2.2479841739314352
2.7929476983671293
2.0502658369652877
1.8050238575977673
3.419594685957499
2.8766345635805806
2.9849821262124934
2.143853782560889
2.999004281420845
2.8550019523292605
1.730417173676841
8.08653250480495
2.4568558424501674
3.3560672802484817
3.4783225684078687
3.0034400222352033
3.901793693964251
1.6274488555839781
2.2101533041449315
2.06484436982943
1.840419445069685
1.8720744261668187
4.151567784756601
2.9138782610761638
3.3198569614770435
3.1505107049915395
1.798025726362745
1.6931280693736284
1.77924942427871
2.1965148539354757
1.7478789948734246
1.593905521345441
1.526478384444566
0.7903122520725177
1.5517572674656464
2.6810045262112894
3.0355188743292985
1.7733633994398232
3.6895281957201362
2.2673192979019774
1.3900687915186012
1.86673923522968
2.646902180589265
3.248993275331877
