1.6824466789391304
1.5397899292819506
1.5622031751674905
1.4668898723713166
1.5889813996955557
1.5223419444997897
1.5217607521209844
1.5053525117260218
1.536442360700344
1.5131896911885716
1.5823219845127467
1.5480893611560784
1.4301482309743858
1.4932279716008094
1.4675312000576635
1.454384812321921
1.5538162586167328
1.5668866243855266
1.5484506982661734
1.4550099607228137
1.547689723776152
1.4921804417620026
1.5221263519033514
1.538152965436114
1.631671052242778
1.5340264480818089
1.550693929472466
1.6585534544052716
1.485224573009271
1.559108282406939
1.4997266796401842
1.503046710886461
1.5493823935785502
1.5738889241219371
1.5034266785260202
1.503305176118241
1.5543766273856532
1.4116667833457313
1.5658178143281045
1.5400730467353474
1.470872545078351
1.4713345757694671
1.4990661889233132
1.5096393826371097
1.518215266097937
1.5093966549010136
1.5435446361184935
1.592859272700096
1.5308370804035605
1.4962947860740075
1.5832764067606797
1.478736068304859
1.5588233257363087
1.503504574303872
1.432484049811026
1.5296460875471134
1.256133220940578
1.5171228767461886
1.6904653278886244
1.6013404472844566
1.51266395482267
1.5944618251751763
1.5820247202626734
1.5116190129930707
1.5084002152730183
1.5466115212788543
1.5029584391866873
1.5130656430618254
1.5000902520734067
