1.3289064587148047
1.1375545336162176
0.8515361595052227
0.5685586737523209
0.6126430419921292
0.38826274970637087
0.3235647108243924
1.6756465117819346
0.8002733611242476
1.168120205418738
0.5862423567598825
0.571378346153061
0.41959558363988236
1.1076964898773909
0.7626565385065689
0.9367606057065245
0.8069118896789362
0.3728730041543926
0.41034627501174015
0.5670107001638272
0.9716495718788849
1.3419054343625874
0.7716536761905957
0.7230500212129769
0.5309203016728574
0.7618149473237494
0.9661868919190653
0.9612451132376663
0.5712302390893456
0.8851513871799597
0.6274341794362712
0.638690218738688
0.8197245855559672
0.8943491217668438
1.2420581432013762
0.8364541790108646
2.7646924358309732
0.53473706157952
0.4250387194499936
0.7759959095519093
0.5233927627153534
0.6409306924373155
1.1066433239660114
0.7340106213003992
0.8451682907716318
1.0190468329284315
0.9475525233182651
0.5392211470995107
0.9213045460113065
0.6592115139443067
0.524337591627841
0.47500079486270863
1.2357756516502292
0.5995590888991416
0.6966166658065518
1.0019051242738541
0.888559331764391
0.5296758556010417
1.4484512515922319
0.6185005200326259
0.5490318091052515
0.9324912773598584
1.7383964096568931
0.3781840565582826
0.8510918211575031
0.5279244618814332
1.341653471089458
0.6608948528473064
0.9675186715170696
0.6038358637067418
0.4831209205985658
0.665482677256449
0.5299553751608315
0.9694742936227598
0.4088662042583877
1.5621336300024495
1.088785398508243
1.3245047784362285
0.44787754139834846
0.6490211776686365
0.7703174897196163
0.6176448848689589
0.8040770472380245
0.4920383683933167
0.7031106477212532
0.5283216217738769
0.6429741428135429
0.4065387662791764
0.655093607895175
1.2488843860134438
0.7560156318473901
1.141461066371214
0.6383522128413048
0.8168289787884362
0.6945183888769719
0.6563624386957372
0.6369092607253748
0.800053530104023
0.37898046034963073
