1.4404786659463273
1.429515190053853
1.432274643342416
1.4810829975222566
1.4370316466707795
1.3723004262777068
1.4385586158208428
1.458418438753802
1.4531183989290808
1.4279335150468995
1.4599466043988192
1.4427680788212007
1.448551768507531
1.4548711200917348
1.440803908093549
1.4819306206544887
1.4420082474105467
1.4579011375596715
1.455887374990938
1.398304006877893
1.4543788982302759
1.4198537259275075
1.3912263866235506
1.438357406103739
1.4389630314653146
1.4517562213312618
1.4435558241504929
1.4396442002832628
1.429107439289955
1.4174863955215267
1.446431944330399
1.4572317857277284
1.4432395914419853
1.4283102247648567
1.44259674669448
1.4424348924291281
1.400676816504944
1.4553190267499325
1.448169875427417
1.4575577542063745
1.348940194146719
1.44939505437359
1.4558184291575025
1.3665686819750378
1.4538648337491937
1.4428078209985702
1.438650953835186
1.429300601877242
1.4509974876710383
1.4101885555336584
1.4070720448499283
1.4259345361517857
1.435557539602981
1.4697270568092433
1.4498701074300064
1.4459701802320055
1.4474674782704884
1.4512546303864737
1.4028047065360139
1.20581413010521
1.456285127054634
1.4458773612562354
1.4189654216347223
1.4473665374141362
1.4324889877540283
1.4484557046272943
1.4400706707556796
1.4132448358753724
1.4418930440235307
1.4390703962667228
1.4174346797213986
1.4455368351155142
1.3743744838570673
1.4385758364052574
1.4553482455698452
1.3724155763492856
1.384340087071776
1.3428276646506812
1.444715314572313
1.4642627987355241
1.4346789440382695
1.4398116770987266
1.4422273480766903
1.469384713256519
1.4431669879118798
1.439517136806127
1.4378636932542488
1.4355553349456753
1.444397717904387
1.438746005007107
1.4437223207677634
1.419318088700955
1.4432302125861163
1.4389084911528025
