1.4816391668867583
1.486814510626747
1.4802668978287983
1.4789315021162759
1.4741862443947078
1.488481461712039
1.4843514299513598
1.4745765699187428
1.4787174148296927
1.480461284001361
1.4760654972770908
1.471746322641001
1.481440538994225
1.4836003665627162
1.4749527241869151
1.4798270453647562
1.4760062570850745
1.483741510784136
1.4786650678435398
1.4850425840443493
1.4732825036135628
1.4770454239705562
1.46720023207513
1.4833202716262235
1.4831784556557308
1.4704041338991316
1.4814584007225169
1.4813138962225922
1.479627782685138
1.4757469614850216
1.474374472456739
1.4815870041974721
1.4808295556277713
1.4719689107321123
1.4826569559631055
1.479792091439265
1.4783057440344765
1.4754559589436855
1.481202563927652
1.481855271175897
1.4758349639016513
1.4576079484480857
1.471898677167342
1.4871678860314383
1.4876509160827918
1.4830282482927353
1.472268089189582
1.4828775091468367
1.472267226332074
1.4818439897857405
1.4787088148761818
1.4808157593471223
1.476400793009756
1.4854387284369395
1.465584609470065
1.4656504915056876
1.4784928557639287
1.479530390543738
1.4760468342583632
1.48434770091094
1.485544034399088
1.479892188938576
1.4799582669194227
1.4862739296324396
1.4775987661563639
1.4726483746930799
1.4676509591984759
1.4798467374155126
1.4713900778413034
1.4718176305696347
1.4800237830416618
1.4753254263940012
1.4820999977843772
1.4734938004363751
1.4781596537919746
1.463869293524401
1.4826751160319147
1.4841685546476486
1.481612950408013
1.4623731380162808
1.481834552353078
1.489153574632231
1.4746422344765713
1.4772385974157727
