1.5792195525670312
1.649505816074416
1.5808077927014208
1.665641060007862
1.5970356709854732
1.6240008848919998
1.5851937476495939
1.6324228001229601
1.7551001309309726
1.6560441582836487
1.5887915449639143
1.6057537690917585
1.6650896967548456
1.7046152517371347
1.6689660882965995
1.6019944173519678
1.6673120386335856
1.6424172648970226
1.5928485552041574
1.5806901366240989
1.6471562945250553
1.6005544055877365
1.6425397083832223
1.6184262751677836
1.654937391556695
1.5757253665480273
1.597037013938539
1.6596090323408006
1.6533435730945487
1.6555507865174146
1.5707788585568578
1.5842382182159274
1.611523108725049
1.6151353734504463
1.752832962030179
1.5707396044104762
1.624125549386313
1.6238484728531501
1.6993210725949102
1.652335911860812
1.6065164344447729
1.5952254661741956
1.6416225683922545
1.635445320903844
1.6643438222892117
1.7441247460516172
1.622017458571724
1.6231151071322107
1.605418656457692
1.7025179836460183
1.6632071200771277
1.657722773954747
1.5876772732172717
1.6309420863103634
1.6149416162258041
1.664192449441419
1.617584880717284
1.6621202198548968
1.576695506659358
1.640158447946428
1.5774852816700398
